Version=1
EventType=LiveKernelEvent
EventTime=134251514053037936
ReportType=4
Consent=1
ReportStatus=2051
ReportIdentifier=941c3907-890d-440e-b9c6-4d646e439939
Wow64Host=34404
NsAppName=LiveKernelEvent
OriginalFilename=WerFault.exe
AppSessionGuid=00000000-0000-0000-0000-000000000000
BootId=6
IsFatal=4294967295
EtwNonCollectReason=1
Response.type=4
Sig[0].Name=代码
Sig[0].Value=141
Sig[1].Name=参数 1
Sig[1].Value=ffffa18ae9eac010
Sig[2].Name=参数 2
Sig[2].Value=fffff806391578b0
Sig[3].Name=参数 3
Sig[3].Value=0
Sig[4].Name=参数 4
Sig[4].Value=ffffa18aedfe7080
Sig[5].Name=操作系统版本
Sig[5].Value=10_0_26200
Sig[6].Name=Service Pack
Sig[6].Value=0_0
Sig[7].Name=产品
Sig[7].Value=256_1
DynamicSig[1].Name=OS 版本
DynamicSig[1].Value=10.0.26200.2.0.0.256.48
DynamicSig[2].Name=区域设置 ID
DynamicSig[2].Value=2052
OsInfo[0].Key=vermaj
OsInfo[0].Value=10
OsInfo[1].Key=vermin
OsInfo[1].Value=0
OsInfo[2].Key=verbld
OsInfo[2].Value=26200
OsInfo[3].Key=ubr
OsInfo[3].Value=8037
OsInfo[4].Key=versp
OsInfo[4].Value=0
OsInfo[5].Key=arch
OsInfo[5].Value=9
OsInfo[6].Key=lcid
OsInfo[6].Value=2052
OsInfo[7].Key=geoid
OsInfo[7].Value=45
OsInfo[8].Key=sku
OsInfo[8].Value=48
OsInfo[9].Key=domain
OsInfo[9].Value=0
OsInfo[10].Key=prodsuite
OsInfo[10].Value=256
OsInfo[11].Key=ntprodtype
OsInfo[11].Value=1
OsInfo[12].Key=platid
OsInfo[12].Value=10
OsInfo[13].Key=sr
OsInfo[13].Value=0
OsInfo[14].Key=tmsi
OsInfo[14].Value=675
OsInfo[15].Key=osinsty
OsInfo[15].Value=1
OsInfo[16].Key=iever
OsInfo[16].Value=11.1882.26100.0-11.0.1000
OsInfo[17].Key=portos
OsInfo[17].Value=0
OsInfo[18].Key=ram
OsInfo[18].Value=32487
OsInfo[19].Key=svolsz
OsInfo[19].Value=340
OsInfo[20].Key=wimbt
OsInfo[20].Value=0
OsInfo[21].Key=blddt
OsInfo[21].Value=240331
OsInfo[22].Key=bldtm
OsInfo[22].Value=1435
OsInfo[23].Key=bldbrch
OsInfo[23].Value=ge_release
OsInfo[24].Key=bldchk
OsInfo[24].Value=0
OsInfo[25].Key=wpvermaj
OsInfo[25].Value=0
OsInfo[26].Key=wpvermin
OsInfo[26].Value=0
OsInfo[27].Key=wpbuildmaj
OsInfo[27].Value=0
OsInfo[28].Key=wpbuildmin
OsInfo[28].Value=0
OsInfo[29].Key=osver
OsInfo[29].Value=10.0.26100.8037.amd64fre.ge_release.240331-1435
OsInfo[30].Key=buildflightid
OsInfo[31].Key=edition
OsInfo[31].Value=Professional
OsInfo[32].Key=ring
OsInfo[32].Value=Retail
OsInfo[33].Key=flightbranch
OsInfo[34].Key=expid
OsInfo[34].Value=RS:36476,FX:124117A5,FX:1304E767,FX:13083122,FX:130DD09D,FX:1312D799,FX:1318CA30,FX:1318CAEE,FX:1318CAEF,FX:1318CBED,FX:1318CBF1,FX:132EB35F,FX:134130B4,FX:1341E6FC,FX:13430B2D,FX:13438657,FX:1346A1BE,FX:1348784F,FX:13487A03,FX:134D23F5,FX:134D2447,FX:134E98E0,FX:134FDBFA,FX:1352C485,FX:1355BA21,FX:1356B163,FX:13570B2F,FX:13570B36,FX:13570B3C,FX:13570B41,FX:1358A347,FX:13596950,FX:1359A0CA,FX:1359A504,FX:1359FB39,FX:135A2764,FX:135A3B50,FX:135A750D,FX:135B668B,FX:135C5A0B,FX:135E3503,FX:135E3E8F,FX:135E73EC,FX:135E75D7,FX:135E761C,FX:13603FE9,FX:13604C80,FX:1361229F,FX:13612C48,FX:1361A278,FX:1361B13C,FX:136204AC,FX:13623ED6,FX:13628CB7,FX:1363677E,FX:1363A699,FX:1363E0C6,FX:1363EE77,FX:13642779,FX:1364277A,FX:13643205,FX:1364443F,FX:1364751C,FX:1364752C,FX:136494E9,FX:1364DC9B,FX:1365D6E0,FX:1365D6E1,FX:13660805,FX:13670C38,FX:13674EE5,FX:13679F6D,FX:136813A1,FX:136854A2,FX:13685CA8,FX:1368E1B0,FX:1368E8B2,FX:1368E8DF,FX:1369B6A2,FX:136A05DE,FX:136A3F34,FX:136A6BA3,FX:136A6BB5,FX:136B5FC6,FX:136BA4A5,FX:136C6855,FX:136D8710,FX:136DC0D0,FX:136DC8FC,FX:136F7C48,FX:136F859A,FX:13708CA4,FX:137095B6,FX:13720237,FX:137297A9,FX:1372C7C8,FX:13736B1C,FX:137599CB,FX:13759AC2,FX:13767A9A,FX:1376AA2C,FX:1376AA52,FX:1376F908,FX:1376FCC1,FX:1376FD07,FX:1376FD18,FX:1376FD3A,FX:1376FD58,FX:13770BB8,FX:13770BBA,FX:137732A7,FX:1377D688,FX:137823AC,FX:13796219,FX:13799BA7,FX:1379ED9B,FX:137A87A0,FX:137A890D,FX:137A9121,FX:137ABC6A,FX:137ABC75,FX:137ABC76,FX:137ABC77,FX:137BD40A,FX:137C031C,FX:137C3A5E,FX:137C3D3B,FX:137C3D6F,FX:137D66CD,FX:137DAA81,FX:137DAB3C,FX:137DAFE8,FX:137DF49D,FX:137EE0F9,FX:137F4285,FX:137FB3D2,FX:137FB3D3,FX:1380ACD2,FX:1380CFBA,FX:1380DB51,FX:138194AB,FX:13819557,FX:138386B1,FX:1383897C,FX:1383F373,FX:138405B3,FX:13842752,FX:1384434E,FX:13846583,FX:1384BCA5,FX:138580B2,FX:1386068F,FX:13860755,FX:1386304D,FX:13863393,FX:1386B9DE,FX:1386C023,FX:138788F9,FX:1387B252,FX:138833FE,FX:1388343A,FX:13883485,FX:1388AC6F,FX:1388E7F3,FX:1388E985,FX:1388E986,FX:1388E987,FX:1388E988,FX:1388E989,FX:1388E98A,FX:1388E990,FX:1388E992,FX:1389169E,FX:1389B1A6,FX:1389BA94,FX:138AC279,FX:138AC8D4,FX:138AC8D5,FX:138AFBD8,FX:138B6F31,FX:138B6F32,FX:138B6F33,FX:138B7110,FX:138B79A5,FX:138E88FA,FX:138E93ED,FX:138F1AB9,FX:138F1B88,FX:138F2889,FX:138FEE15,FX:138FF15A,FX:13903C8A,FX:13906DEF,FX:13907F3D,FX:1390908A,FX:13918080,FX:1391AEE0,FX:1391B8B9,FX:139223A0,FX:13922783,FX:13922784,FX:1392BA7D,FX:1392C19F,FX:1392EBD7,FX:1392ECF8,FX:1392ED9D,FX:1392F879,FX:1393480A,FX:13936BEB,FX:13943934,FX:13946BE5,FX:139470A6,FX:1394AFEC,FX:1394ED51,FX:1394ED52,FX:139625D1,FX:139647DD,FX:13966E9C,FX:1396766D,FX:1397466B,FX:13975A1D,FX:13975BB7,FX:13978B27,FX:13978E32,FX:1397C828,FX:13980A4C,FX:13980AE3,FX:13981339,FX:1398AD6C,FX:13999239,FX:1399AD0A,FX:1399AD0E,FX:1399D8CD,FX:139A40D0,FX:139A4E0D,FX:139AE828,FX:139B5062,FX:139B604C,FX:139B629C,FX:139B65B3,FX:139B8BDE,FX:139C53A2,FX:139EB4E1,FX:139EDD9E,FX:139EDE72,FX:139EEE85,FX:139EF04B,FX:139F7176,FX:13A03C5B,FX:13A1540A,FX:13A1583A,FX:13A18BFF,FX:13A2815C,FX:13A28615,FX:13A28A65,FX:13A28A66,FX:13A2F4F5,FX:13A33F92,FX:13A38E99,FX:13A39F74,FX:13A3A12B,FX:13A3C159,FX:13A46358,FX:13A473FB,FX:13A55CA6,FX:13A5B391,FX:13A5D97D,FX:13A5E5C0,FX:13A5F4BB,FX:13A6F30E,FX:13A6F6A9,FX:13A79243,FX:13A79D0E,FX:13A79DA8,FX:13A79DD0,FX:13A8454D,FX:13A8730D,FX:13A8C9F2,FX:13AA3BD2,FX:13AA4CFE,FX:13AA4F1F,FX:13AB429C,FX:13ACDA82,FX:13AD2543,FX:13AE181D,FX:13AE4217,FX:13AE5428,FX:13AEB500,FX:13AF7112,FX:13AF7113,FX:13AF7114,FX:13AF7115,FX:13AF7116,FX:13AF7117,FX:13AF7118,FX:13AF7119,FX:13AF711A,FX:13AF711B,FX:13AF711C,FX:13AF711D,FX:13AF711E,FX:13AF711F,FX:13AF7120,FX:13AF7121,FX:13AF7122,FX:13AF7124,FX:13AF7125,FX:13AF7126,FX:13AF7127,FX:13AF9338,FX:13AF9339,FX:13AFA38B,FX:13B01927,FX:13B0FB8E,FX:13B0FB90,FX:13B13CB2,FX:13B142DE,FX:13B4DF6A,FX:13B5D5D9,FX:13B60AF5,FX:13B6285D,FX:13B64A90,FX:13B658B7,FX:13B6DFAF,FX:13B75D84,FX:13B7EC69,FX:13B7EC6A,FX:13B81424,FX:13B8B894,FX:13B94025,FX:13B94028,FX:13B9B36E,FX:13BA4CFB,FX:13BAE886,FX:13BAE8BF,FX:13BAEA95,FX:233D40B9,FX:394DFC2,FX:3985DED,FX:3A0FB38,FX:3A4714B,FX:3BA8DC9,MD:283BAEF,ME:3667CAD,ME:38419AC,ME:38419CA,ME:3536BD9,MD:2FE0A31,MD:2FE0A40,MD:2FE0A4F,MD:37B239D,PD:3536CF8,PD:33CDA4D,MD:36AF640,MD:9999,CD:2602D
OsInfo[35].Key=fconid
OsInfo[35].Value=42187503,0,1,0;48468541,0,2,0;48468527,0,2,0;48433541,0,2,0;48433706,0,2,0;50556886,0,2,0;50557073,0,2,0;50564196,0,2,0;50564332,0,2,0;50565209,0,2,0;54237951,0,2,0;54237969,0,2,0;54237977,0,2,0;54237988,0,2,0;54237993,0,2,0;54238000,0,2,0;57048216,0,2,0;57048218,0,2,0;57048226,0,2,0;57048231,0,2,0;57048237,0,2,1;58988972,0,2,1;58989002,0,2,1;58989021,0,1,0;58989070,0,1,0;58989092,0,1,0;58989177,0,1,0;48433719,0,1,0;55798745,0,2,0;50203185,0,1,0;50203200,0,1,0;50203215,0,1,0;58401693,0,2,0;19194309,0,2,0;27623730,0,2,1;29532725,0,2,1;31081324,0,1,0;33393253,0,1,0;35681102,0,1,0;38123866,0,1,0;38762814,0,2,1;38869220,0,1,0;39541095,0,1,0;39543558,0,1,0;41073112,0,2,0;43200402,0,1,1;43572908,0,1,0;43729363,0,2,1;44030954,0,1,0;44574505,0,2,0;44574507,0,2,1;44929832,0,1,0;45172197,0,1,0;45286394,0,1,0;45425284,0,2,1;45624564,0,0,1;45624632,0,1,0;45738940,0,1,0;46752087,0,1,0;46852388,0,1,0;47053849,0,2,0;47081492,0,2,0;47205210,0,2,1;47375114,0,1,0;47557358,0,2,1;47961746,0,2,0;48052777,0,1,0;48525682,0,1,0;48559195,0,2,0;48662857,0,2,1;48742963,0,2,0;48799383,0,2,0;48822452,0,1,0;48895077,0,1,0;49068236,0,1,0;49204591,0,1,0;49239926,0,1,0;49290270,0,1,1;49309588,0,1,0;49407484,0,1,0;49494367,0,1,0;49577493,0,1,0;49598981,0,2,0;49615603,0,1,0;49642928,0,1,0;50465617,0,2,0;50692135,0,1,0;50762615,0,1,0;50783360,0,1,0;50879031,0,1,0;51153219,0,1,0;51402841,0,1,0;51534709,0,1,0;51566757,0,1,0;51593804,0,1,0;51721485,0,1,0;51804928,0,1,0;51809855,0,1,0;51850502,2,2,0;51880512,0,1,0;52058799,0,2,0;52086568,0,1,1;52536226,0,1,0;52799658,0,2,1;52800232,0,1,1;52963925,0,2,0;52973182,0,1,0;53039167,0,1,0;53058215,0,1,0;53079680,0,2,0;53081723,0,1,0;53086435,0,1,0;53179304,0,1,0;53192840,0,1,0;53250194,0,2,0;53283713,0,1,0;53284194,0,1,0;53308487,0,1,0;53421989,0,1,0;53536518,0,1,0;53713825,0,1,0;53814860,0,1,0;53814925,0,1,0;53858120,0,1,0;53967125,0,1,0;54157537,0,1,0;54237799,0,1,1;54248858,0,2,0;54267669,0,1,1;54267862,0,1,0;54287368,0,2,0;54315747,0,2,0;54418111,0,1,0;54464903,0,1,0;54478266,0,2,0;54524077,0,2,0;54586575,0,1,0;54627442,0,1,0;54630686,0,2,0;54634447,0,1,0;54682491,0,2,1;54756137,0,1,0;54794917,0,1,1;54865932,0,2,1;54881606,0,1,0;54900690,0,1,0;54917906,0,1,0;55011675,0,1,0;55045381,0,1,1;55053776,0,1,0;55090619,0,0,0;55182690,0,1,0;55346794,0,1,0;55357339,0,2,0;55385540,0,1,0;55445215,0,1,0;55522082,0,1,0;55537300,0,1,0;55561310,0,1,0;55643678,0,2,0;55797161,0,1,0;55818758,0,1,0;55821866,0,2,1;55823572,0,1,0;55917738,0,0,0;55929979,0,1,0;55937916,0,2,1;56005157,0,1,0;56007062,0,1,0;56018875,0,1,0;56051176,0,1,0;56083069,8,2,0;56090771,0,1,0;56094336,0,2,0;56106891,0,1,0;56115452,0,2,0;56135360,0,1,1;56160586,0,1,0;56174134,0,2,0;56192390,0,1,0;56201473,0,1,0;56220122,0,1,0;56232737,0,2,1;56258650,0,1,0;56259285,0,2,0;56259675,0,2,0;56298129,0,1,0;56305928,0,1,0;56326510,0,1,0;56328729,0,2,1;56349993,0,1,0;56392605,0,2,0;56392607,0,2,0;56414822,0,1,0;56444892,0,2,0;56500437,0,1,0;56502042,0,2,0;56539790,0,1,0;56541436,0,1,1;56550817,0,2,0;56625134,0,1,0;56641116,0,1,1;56659309,0,1,0;56732283,0,2,0;56769308,0,1,0;56775829,0,2,0;56777229,0,1,0;56789602,0,2,0;56791125,0,2,0;56794222,0,1,0;56848060,0,1,0;56848077,0,1,0;56854165,0,1,0;56856220,0,2,0;56856345,0,2,0;56864294,0,1,0;56877808,0,2,0;56888100,0,2,1;56904074,0,2,0;56919513,0,2,1;56943287,0,1,0;56948487,0,1,0;56955488,0,1,1;56963102,0,1,0;56976978,0,2,1;56976985,0,2,1;56977894,0,2,0;57005088,0,1,0;57053679,0,1,0;57074914,0,1,0;57102626,0,1,0;57155075,0,1,0;57159141,0,1,0;57246082,0,1,0;57246157,0,1,0;57297225,0,1,0;57302880,0,2,1;57341504,0,1,0;57391481,0,2,0;57467274,0,2,0;57469498,0,1,0;57470233,0,1,0;57500144,0,2,1;57605810,0,1,0;57606309,0,2,0;57606323,0,2,0;57610322,0,1,0;57629517,0,2,0;57640366,0,2,0;57653821,0,2,0;57696949,0,1,0;57785863,0,1,0;57805025,0,1,0;57840822,0,2,1;57929024,0,2,0;57940002,0,2,1;57941090,0,2,1;57977158,0,2,1;57977420,0,2,1;57984728,0,1,0;58022816,0,1,0;58064553,0,1,0;58065294,0,2,0;58069806,0,2,0;58072998,0,2,1;58086510,0,2,1;58087685,0,1,0;58092117,0,1,0;58122380,0,2,0;58270538,0,2,0;58273509,0,2,0;58274572,0,1,0;58286439,0,1,0;58349635,0,1,0;58382298,0,1,1;58418437,0,2,0;58421907,0,1,0;58423728,0,1,0;58432370,0,1,0;58445826,0,1,0;58447903,0,1,0;58477524,0,1,0;58527608,0,2,0;58536988,0,1,1;58550079,0,1,0;58570746,0,1,1;58587328,0,2,0;58614661,0,2,1;58627593,0,2,0;58638708,0,1,0;58649900,0,1,0;58672218,0,2,1;58698248,0,2,0;58737939,0,2,0;58761460,0,1,0;58767912,0,2,1;58936720,0,1,0;58987793,0,2,0;58987797,0,2,0;59015030,0,1,0;59045330,0,1,0;59065581,0,2,1;59080434,0,2,0;59107775,0,1,0;59112334,0,1,0;59112626,0,1,0;59125486,0,2,1;59128251,0,2,0;59162572,0,1,0;59184780,0,2,1;59184888,0,2,1;59193758,0,2,0;59193772,0,2,0;59202163,0,1,0;59272411,0,2,1;59275076,0,1,0;59288675,0,2,0;59294866,0,1,0;59306570,0,1,0;59361280,0,1,0;59368895,0,2,0;59485045,0,2,1;59683690,0,2,0;59686793,0,1,0;59706734,0,1,0;59718680,0,0,0;59719727,0,0,0;59766075,0,2,1;59782180,0,2,0;59802254,0,2,0;59804409,0,2,1;59805195,0,2,1;59867315,0,1,1;59869059,0,1,0;59872186,0,1,0;59893834,0,1,0;59983138,0,1,0;59994706,0,1,0;60010171,0,2,1;60146531,0,2,0;60151858,0,2,0;60192063,0,1,0;60243440,0,1,0;60245057,0,1,0;60247407,0,1,0;60279858,0,1,0;60312401,0,1,0;60314197,0,1,0;60352363,0,1,0;60415611,0,1,0;60417160,0,2,0;60428706,0,1,0;60566563,0,1,0;60582403,0,1,0;60671347,0,1,0;60730239,0,1,0;60770424,0,1,0;60836500,0,2,0;60842813,0,2,1;60871302,0,2,0;60888299,0,2,0;60937815,0,1,0;61119511,0,2,0;61173586,0,2,0;61273983,0,1,0;61289132,0,1,0;61372722,0,1,0;61481157,0,1,0;61504011,0,1,0;62061341,0,1,0
OsInfo[36].Key=containerid
OsInfo[37].Key=containertype
OsInfo[38].Key=edu
OsInfo[38].Value=0
OsInfo[39].Key=servicinginprogress
OsInfo[39].Value=1
OsInfo[40].Key=featureupdatependingreboot
OsInfo[40].Value=0
OsInfo[41].Key=recoveryenvironment
OsInfo[41].Value=0
File[0].CabName=WATCHDOG-20260606-0043.dmp
File[0].Path=WATCHDOG-20260606-0043.dmp
File[0].Flags=327682
File[0].Type=2
File[0].Original.Path=\\?\C:\WINDOWS\LiveKernelReports\WATCHDOG\WATCHDOG-20260606-0043.dmp
File[1].CabName=sysdata.xml
File[1].Path=WER-28835921-0.sysdata.xml
File[1].Flags=327682
File[1].Type=5
File[1].Original.Path=\\?\C:\WINDOWS\SystemTemp\WER-28835921-0.sysdata.xml
File[2].CabName=WERInternalMetadata.xml
File[2].Path=WER.96c66922-ccdd-4521-b736-97cf3d001fe8.tmp.WERInternalMetadata.xml
File[2].Flags=327682
File[2].Type=5
File[2].Original.Path=\\?\C:\ProgramData\Microsoft\Windows\WER\Temp\WER.96c66922-ccdd-4521-b736-97cf3d001fe8.tmp.WERInternalMetadata.xml
File[3].CabName=memory.csv
File[3].Path=WER.aef5f657-67bb-4f24-a650-ec689dc9975c.tmp.csv
File[3].Flags=65538
File[3].Type=5
File[3].Original.Path=\\?\C:\ProgramData\Microsoft\Windows\WER\Temp\WER.aef5f657-67bb-4f24-a650-ec689dc9975c.tmp.csv
File[4].CabName=sysinfo.txt
File[4].Path=WER.1adc869b-db3d-446d-b578-4e83645b2ab6.tmp.txt
File[4].Flags=65538
File[4].Type=5
File[4].Original.Path=\\?\C:\ProgramData\Microsoft\Windows\WER\Temp\WER.1adc869b-db3d-446d-b578-4e83645b2ab6.tmp.txt
File[5].CabName=WERInternalRequest.xml
File[5].Path=WER.61a7e8f2-3538-4dda-89d3-469f3dbaa274.tmp.xml
File[5].Flags=327682
File[5].Type=5
File[5].Original.Path=\\?\C:\ProgramData\Microsoft\Windows\WER\Temp\WER.61a7e8f2-3538-4dda-89d3-469f3dbaa274.tmp.xml
Ns[0].Name=stopcode
Ns[0].Value=00000141
Ns[1].Name=p1
Ns[1].Value=FFFFA18AE9EAC010
Ns[2].Name=p2
Ns[2].Value=FFFFF806391578B0
Ns[3].Name=p3
Ns[3].Value=0000000000000000
Ns[4].Name=p4
Ns[4].Value=FFFFA18AEDFE7080
FriendlyEventName=硬件错误
ConsentKey=LiveKernelEvent
AppName=Windows
AppPath=C:\Windows\System32\WerFault.exe
ReportDescription=硬件问题导致 Windows 已停止正常工作。
NsPartner=windows
NsGroup=windows8
ApplicationIdentity=00000000000000000000000000000000
MetadataHash=-1036731682
Version=1
EventType=LiveKernelEvent
EventTime=134251497193024206
ReportType=4
Consent=1
ReportStatus=2051
ReportIdentifier=422abd53-e4a7-4e90-b09c-c0dafd931d52
Wow64Host=34404
NsAppName=LiveKernelEvent
OriginalFilename=WerFault.exe
AppSessionGuid=00000000-0000-0000-0000-000000000000
BootId=6
IsFatal=4294967295
EtwNonCollectReason=1
Response.type=4
Sig[0].Name=代码
Sig[0].Value=141
Sig[1].Name=参数 1
Sig[1].Value=ffffa18ae10c8460
Sig[2].Name=参数 2
Sig[2].Value=fffff806391578b0
Sig[3].Name=参数 3
Sig[3].Value=0
Sig[4].Name=参数 4
Sig[4].Value=ffffa18aefadb080
Sig[5].Name=操作系统版本
Sig[5].Value=10_0_26200
Sig[6].Name=Service Pack
Sig[6].Value=0_0
Sig[7].Name=产品
Sig[7].Value=256_1
DynamicSig[1].Name=OS 版本
DynamicSig[1].Value=10.0.26200.2.0.0.256.48
DynamicSig[2].Name=区域设置 ID
DynamicSig[2].Value=2052
OsInfo[0].Key=vermaj
OsInfo[0].Value=10
OsInfo[1].Key=vermin
OsInfo[1].Value=0
OsInfo[2].Key=verbld
OsInfo[2].Value=26200
OsInfo[3].Key=ubr
OsInfo[3].Value=8037
OsInfo[4].Key=versp
OsInfo[4].Value=0
OsInfo[5].Key=arch
OsInfo[5].Value=9
OsInfo[6].Key=lcid
OsInfo[6].Value=2052
OsInfo[7].Key=geoid
OsInfo[7].Value=45
OsInfo[8].Key=sku
OsInfo[8].Value=48
OsInfo[9].Key=domain
OsInfo[9].Value=0
OsInfo[10].Key=prodsuite
OsInfo[10].Value=256
OsInfo[11].Key=ntprodtype
OsInfo[11].Value=1
OsInfo[12].Key=platid
OsInfo[12].Value=10
OsInfo[13].Key=sr
OsInfo[13].Value=0
OsInfo[14].Key=tmsi
OsInfo[14].Value=647
OsInfo[15].Key=osinsty
OsInfo[15].Value=1
OsInfo[16].Key=iever
OsInfo[16].Value=11.1882.26100.0-11.0.1000
OsInfo[17].Key=portos
OsInfo[17].Value=0
OsInfo[18].Key=ram
OsInfo[18].Value=32487
OsInfo[19].Key=svolsz
OsInfo[19].Value=340
OsInfo[20].Key=wimbt
OsInfo[20].Value=0
OsInfo[21].Key=blddt
OsInfo[21].Value=240331
OsInfo[22].Key=bldtm
OsInfo[22].Value=1435
OsInfo[23].Key=bldbrch
OsInfo[23].Value=ge_release
OsInfo[24].Key=bldchk
OsInfo[24].Value=0
OsInfo[25].Key=wpvermaj
OsInfo[25].Value=0
OsInfo[26].Key=wpvermin
OsInfo[26].Value=0
OsInfo[27].Key=wpbuildmaj
OsInfo[27].Value=0
OsInfo[28].Key=wpbuildmin
OsInfo[28].Value=0
OsInfo[29].Key=osver
OsInfo[29].Value=10.0.26100.8037.amd64fre.ge_release.240331-1435
OsInfo[30].Key=buildflightid
OsInfo[31].Key=edition
OsInfo[31].Value=Professional
OsInfo[32].Key=ring
OsInfo[32].Value=Retail
OsInfo[33].Key=flightbranch
OsInfo[34].Key=expid
OsInfo[34].Value=RS:36476,FX:124117A5,FX:1304E767,FX:13083122,FX:130DD09D,FX:1312D799,FX:1318CA30,FX:1318CAEE,FX:1318CAEF,FX:1318CBED,FX:1318CBF1,FX:132EB35F,FX:134130B4,FX:1341E6FC,FX:13430B2D,FX:13438657,FX:1346A1BE,FX:1348784F,FX:13487A03,FX:134D23F5,FX:134D2447,FX:134E98E0,FX:134FDBFA,FX:1352C485,FX:1355BA21,FX:1356B163,FX:13570B2F,FX:13570B36,FX:13570B3C,FX:13570B41,FX:1358A347,FX:13596950,FX:1359A0CA,FX:1359A504,FX:1359FB39,FX:135A2764,FX:135A3B50,FX:135A750D,FX:135B668B,FX:135C5A0B,FX:135E3503,FX:135E3E8F,FX:135E73EC,FX:135E75D7,FX:135E761C,FX:13603FE9,FX:13604C80,FX:1361229F,FX:13612C48,FX:1361A278,FX:1361B13C,FX:136204AC,FX:13623ED6,FX:13628CB7,FX:1363677E,FX:1363A699,FX:1363E0C6,FX:1363EE77,FX:13642779,FX:1364277A,FX:13643205,FX:1364443F,FX:1364751C,FX:1364752C,FX:136494E9,FX:1364DC9B,FX:1365D6E0,FX:1365D6E1,FX:13660805,FX:13670C38,FX:13674EE5,FX:13679F6D,FX:136813A1,FX:136854A2,FX:13685CA8,FX:1368E1B0,FX:1368E8B2,FX:1368E8DF,FX:1369B6A2,FX:136A05DE,FX:136A3F34,FX:136A6BA3,FX:136A6BB5,FX:136B5FC6,FX:136BA4A5,FX:136C6855,FX:136D8710,FX:136DC0D0,FX:136DC8FC,FX:136F7C48,FX:136F859A,FX:13708CA4,FX:137095B6,FX:13720237,FX:137297A9,FX:1372C7C8,FX:13736B1C,FX:137599CB,FX:13759AC2,FX:13767A9A,FX:1376AA2C,FX:1376AA52,FX:1376F908,FX:1376FCC1,FX:1376FD07,FX:1376FD18,FX:1376FD3A,FX:1376FD58,FX:13770BB8,FX:13770BBA,FX:137732A7,FX:1377D688,FX:137823AC,FX:13796219,FX:13799BA7,FX:1379ED9B,FX:137A87A0,FX:137A890D,FX:137A9121,FX:137ABC6A,FX:137ABC75,FX:137ABC76,FX:137ABC77,FX:137BD40A,FX:137C031C,FX:137C3A5E,FX:137C3D3B,FX:137C3D6F,FX:137D66CD,FX:137DAA81,FX:137DAB3C,FX:137DAFE8,FX:137DF49D,FX:137EE0F9,FX:137F4285,FX:137FB3D2,FX:137FB3D3,FX:1380ACD2,FX:1380CFBA,FX:1380DB51,FX:138194AB,FX:13819557,FX:138386B1,FX:1383897C,FX:1383F373,FX:138405B3,FX:13842752,FX:1384434E,FX:13846583,FX:1384BCA5,FX:138580B2,FX:1386068F,FX:13860755,FX:1386304D,FX:13863393,FX:1386B9DE,FX:1386C023,FX:138788F9,FX:1387B252,FX:138833FE,FX:1388343A,FX:13883485,FX:1388AC6F,FX:1388E7F3,FX:1388E985,FX:1388E986,FX:1388E987,FX:1388E988,FX:1388E989,FX:1388E98A,FX:1388E990,FX:1388E992,FX:1389169E,FX:1389B1A6,FX:1389BA94,FX:138AC279,FX:138AC8D4,FX:138AC8D5,FX:138AFBD8,FX:138B6F31,FX:138B6F32,FX:138B6F33,FX:138B7110,FX:138B79A5,FX:138E88FA,FX:138E93ED,FX:138F1AB9,FX:138F1B88,FX:138F2889,FX:138FEE15,FX:138FF15A,FX:13903C8A,FX:13906DEF,FX:13907F3D,FX:1390908A,FX:13918080,FX:1391AEE0,FX:1391B8B9,FX:139223A0,FX:13922783,FX:13922784,FX:1392BA7D,FX:1392C19F,FX:1392EBD7,FX:1392ECF8,FX:1392ED9D,FX:1392F879,FX:1393480A,FX:13936BEB,FX:13943934,FX:13946BE5,FX:139470A6,FX:1394AFEC,FX:1394ED51,FX:1394ED52,FX:139625D1,FX:139647DD,FX:13966E9C,FX:1396766D,FX:1397466B,FX:13975A1D,FX:13975BB7,FX:13978B27,FX:13978E32,FX:1397C828,FX:13980A4C,FX:13980AE3,FX:13981339,FX:1398AD6C,FX:13999239,FX:1399AD0A,FX:1399AD0E,FX:1399D8CD,FX:139A40D0,FX:139A4E0D,FX:139AE828,FX:139B5062,FX:139B604C,FX:139B629C,FX:139B65B3,FX:139B8BDE,FX:139C53A2,FX:139EB4E1,FX:139EDD9E,FX:139EDE72,FX:139EEE85,FX:139EF04B,FX:139F7176,FX:13A03C5B,FX:13A1540A,FX:13A1583A,FX:13A18BFF,FX:13A2815C,FX:13A28615,FX:13A28A65,FX:13A28A66,FX:13A2F4F5,FX:13A33F92,FX:13A38E99,FX:13A39F74,FX:13A3A12B,FX:13A3C159,FX:13A46358,FX:13A473FB,FX:13A55CA6,FX:13A5B391,FX:13A5D97D,FX:13A5E5C0,FX:13A5F4BB,FX:13A6F30E,FX:13A6F6A9,FX:13A79243,FX:13A79D0E,FX:13A79DA8,FX:13A79DD0,FX:13A8454D,FX:13A8730D,FX:13A8C9F2,FX:13AA3BD2,FX:13AA4CFE,FX:13AA4F1F,FX:13AB429C,FX:13ACDA82,FX:13AD2543,FX:13AE181D,FX:13AE4217,FX:13AE5428,FX:13AEB500,FX:13AF7112,FX:13AF7113,FX:13AF7114,FX:13AF7115,FX:13AF7116,FX:13AF7117,FX:13AF7118,FX:13AF7119,FX:13AF711A,FX:13AF711B,FX:13AF711C,FX:13AF711D,FX:13AF711E,FX:13AF711F,FX:13AF7120,FX:13AF7121,FX:13AF7122,FX:13AF7124,FX:13AF7125,FX:13AF7126,FX:13AF7127,FX:13AF9338,FX:13AF9339,FX:13AFA38B,FX:13B01927,FX:13B0FB8E,FX:13B0FB90,FX:13B13CB2,FX:13B142DE,FX:13B4DF6A,FX:13B5D5D9,FX:13B60AF5,FX:13B6285D,FX:13B64A90,FX:13B658B7,FX:13B6DFAF,FX:13B75D84,FX:13B7EC69,FX:13B7EC6A,FX:13B81424,FX:13B8B894,FX:13B94025,FX:13B94028,FX:13B9B36E,FX:13BA4CFB,FX:13BAE886,FX:13BAE8BF,FX:13BAEA95,FX:233D40B9,FX:394DFC2,FX:3985DED,FX:3A0FB38,FX:3A4714B,FX:3BA8DC9,MD:283BAEF,ME:3667CAD,ME:38419AC,ME:38419CA,ME:3536BD9,MD:2FE0A31,MD:2FE0A40,MD:2FE0A4F,MD:37B239D,PD:3536CF8,PD:33CDA4D,MD:36AF640,MD:9999,CD:2602D
OsInfo[35].Key=fconid
OsInfo[35].Value=42187503,0,1,0;48468541,0,2,0;48468527,0,2,0;48433541,0,2,0;48433706,0,2,0;50556886,0,2,0;50557073,0,2,0;50564196,0,2,0;50564332,0,2,0;50565209,0,2,0;54237951,0,2,0;54237969,0,2,0;54237977,0,2,0;54237988,0,2,0;54237993,0,2,0;54238000,0,2,0;57048216,0,2,0;57048218,0,2,0;57048226,0,2,0;57048231,0,2,0;57048237,0,2,1;58988972,0,2,1;58989002,0,2,1;58989021,0,1,0;58989070,0,1,0;58989092,0,1,0;58989177,0,1,0;48433719,0,1,0;55798745,0,2,0;50203185,0,1,0;50203200,0,1,0;50203215,0,1,0;58401693,0,2,0;19194309,0,2,0;27623730,0,2,1;29532725,0,2,1;31081324,0,1,0;33393253,0,1,0;35681102,0,1,0;38123866,0,1,0;38762814,0,2,1;38869220,0,1,0;39541095,0,1,0;39543558,0,1,0;41073112,0,2,0;43200402,0,1,1;43572908,0,1,0;43729363,0,2,1;44030954,0,1,0;44574505,0,2,0;44574507,0,2,1;44929832,0,1,0;45172197,0,1,0;45286394,0,1,0;45425284,0,2,1;45624564,0,0,1;45624632,0,1,0;45738940,0,1,0;46752087,0,1,0;46852388,0,1,0;47053849,0,2,0;47081492,0,2,0;47205210,0,2,1;47375114,0,1,0;47557358,0,2,1;47961746,0,2,0;48052777,0,1,0;48525682,0,1,0;48559195,0,2,0;48662857,0,2,1;48742963,0,2,0;48799383,0,2,0;48822452,0,1,0;48895077,0,1,0;49068236,0,1,0;49204591,0,1,0;49239926,0,1,0;49290270,0,1,1;49309588,0,1,0;49407484,0,1,0;49494367,0,1,0;49577493,0,1,0;49598981,0,2,0;49615603,0,1,0;49642928,0,1,0;50465617,0,2,0;50692135,0,1,0;50762615,0,1,0;50783360,0,1,0;50879031,0,1,0;51153219,0,1,0;51402841,0,1,0;51534709,0,1,0;51566757,0,1,0;51593804,0,1,0;51721485,0,1,0;51804928,0,1,0;51809855,0,1,0;51850502,2,2,0;51880512,0,1,0;52058799,0,2,0;52086568,0,1,1;52536226,0,1,0;52799658,0,2,1;52800232,0,1,1;52963925,0,2,0;52973182,0,1,0;53039167,0,1,0;53058215,0,1,0;53079680,0,2,0;53081723,0,1,0;53086435,0,1,0;53179304,0,1,0;53192840,0,1,0;53250194,0,2,0;53283713,0,1,0;53284194,0,1,0;53308487,0,1,0;53421989,0,1,0;53536518,0,1,0;53713825,0,1,0;53814860,0,1,0;53814925,0,1,0;53858120,0,1,0;53967125,0,1,0;54157537,0,1,0;54237799,0,1,1;54248858,0,2,0;54267669,0,1,1;54267862,0,1,0;54287368,0,2,0;54315747,0,2,0;54418111,0,1,0;54464903,0,1,0;54478266,0,2,0;54524077,0,2,0;54586575,0,1,0;54627442,0,1,0;54630686,0,2,0;54634447,0,1,0;54682491,0,2,1;54756137,0,1,0;54794917,0,1,1;54865932,0,2,1;54881606,0,1,0;54900690,0,1,0;54917906,0,1,0;55011675,0,1,0;55045381,0,1,1;55053776,0,1,0;55090619,0,0,0;55182690,0,1,0;55346794,0,1,0;55357339,0,2,0;55385540,0,1,0;55445215,0,1,0;55522082,0,1,0;55537300,0,1,0;55561310,0,1,0;55643678,0,2,0;55797161,0,1,0;55818758,0,1,0;55821866,0,2,1;55823572,0,1,0;55917738,0,0,0;55929979,0,1,0;55937916,0,2,1;56005157,0,1,0;56007062,0,1,0;56018875,0,1,0;56051176,0,1,0;56083069,8,2,0;56090771,0,1,0;56094336,0,2,0;56106891,0,1,0;56115452,0,2,0;56135360,0,1,1;56160586,0,1,0;56174134,0,2,0;56192390,0,1,0;56201473,0,1,0;56220122,0,1,0;56232737,0,2,1;56258650,0,1,0;56259285,0,2,0;56259675,0,2,0;56298129,0,1,0;56305928,0,1,0;56326510,0,1,0;56328729,0,2,1;56349993,0,1,0;56392605,0,2,0;56392607,0,2,0;56414822,0,1,0;56444892,0,2,0;56500437,0,1,0;56502042,0,2,0;56539790,0,1,0;56541436,0,1,1;56550817,0,2,0;56625134,0,1,0;56641116,0,1,1;56659309,0,1,0;56732283,0,2,0;56769308,0,1,0;56775829,0,2,0;56777229,0,1,0;56789602,0,2,0;56791125,0,2,0;56794222,0,1,0;56848060,0,1,0;56848077,0,1,0;56854165,0,1,0;56856220,0,2,0;56856345,0,2,0;56864294,0,1,0;56877808,0,2,0;56888100,0,2,1;56904074,0,2,0;56919513,0,2,1;56943287,0,1,0;56948487,0,1,0;56955488,0,1,1;56963102,0,1,0;56976978,0,2,1;56976985,0,2,1;56977894,0,2,0;57005088,0,1,0;57053679,0,1,0;57074914,0,1,0;57102626,0,1,0;57155075,0,1,0;57159141,0,1,0;57246082,0,1,0;57246157,0,1,0;57297225,0,1,0;57302880,0,2,1;57341504,0,1,0;57391481,0,2,0;57467274,0,2,0;57469498,0,1,0;57470233,0,1,0;57500144,0,2,1;57605810,0,1,0;57606309,0,2,0;57606323,0,2,0;57610322,0,1,0;57629517,0,2,0;57640366,0,2,0;57653821,0,2,0;57696949,0,1,0;57785863,0,1,0;57805025,0,1,0;57840822,0,2,1;57929024,0,2,0;57940002,0,2,1;57941090,0,2,1;57977158,0,2,1;57977420,0,2,1;57984728,0,1,0;58022816,0,1,0;58064553,0,1,0;58065294,0,2,0;58069806,0,2,0;58072998,0,2,1;58086510,0,2,1;58087685,0,1,0;58092117,0,1,0;58122380,0,2,0;58270538,0,2,0;58273509,0,2,0;58274572,0,1,0;58286439,0,1,0;58349635,0,1,0;58382298,0,1,1;58418437,0,2,0;58421907,0,1,0;58423728,0,1,0;58432370,0,1,0;58445826,0,1,0;58447903,0,1,0;58477524,0,1,0;58527608,0,2,0;58536988,0,1,1;58550079,0,1,0;58570746,0,1,1;58587328,0,2,0;58614661,0,2,1;58627593,0,2,0;58638708,0,1,0;58649900,0,1,0;58672218,0,2,1;58698248,0,2,0;58737939,0,2,0;58761460,0,1,0;58767912,0,2,1;58936720,0,1,0;58987793,0,2,0;58987797,0,2,0;59015030,0,1,0;59045330,0,1,0;59065581,0,2,1;59080434,0,2,0;59107775,0,1,0;59112334,0,1,0;59112626,0,1,0;59125486,0,2,1;59128251,0,2,0;59162572,0,1,0;59184780,0,2,1;59184888,0,2,1;59193758,0,2,0;59193772,0,2,0;59202163,0,1,0;59272411,0,2,1;59275076,0,1,0;59288675,0,2,0;59294866,0,1,0;59306570,0,1,0;59361280,0,1,0;59368895,0,2,0;59485045,0,2,1;59683690,0,2,0;59686793,0,1,0;59706734,0,1,0;59718680,0,0,0;59719727,0,0,0;59766075,0,2,1;59782180,0,2,0;59802254,0,2,0;59804409,0,2,1;59805195,0,2,1;59867315,0,1,1;59869059,0,1,0;59872186,0,1,0;59893834,0,1,0;59983138,0,1,0;59994706,0,1,0;60010171,0,2,1;60146531,0,2,0;60151858,0,2,0;60192063,0,1,0;60243440,0,1,0;60245057,0,1,0;60247407,0,1,0;60279858,0,1,0;60312401,0,1,0;60314197,0,1,0;60352363,0,1,0;60415611,0,1,0;60417160,0,2,0;60428706,0,1,0;60566563,0,1,0;60582403,0,1,0;60671347,0,1,0;60730239,0,1,0;60770424,0,1,0;60836500,0,2,0;60842813,0,2,1;60871302,0,2,0;60888299,0,2,0;60937815,0,1,0;61119511,0,2,0;61173586,0,2,0;61273983,0,1,0;61289132,0,1,0;61372722,0,1,0;61481157,0,1,0;61504011,0,1,0;62061341,0,1,0
OsInfo[36].Key=containerid
OsInfo[37].Key=containertype
OsInfo[38].Key=edu
OsInfo[38].Value=0
OsInfo[39].Key=servicinginprogress
OsInfo[39].Value=1
OsInfo[40].Key=featureupdatependingreboot
OsInfo[40].Value=0
OsInfo[41].Key=recoveryenvironment
OsInfo[41].Value=0
File[0].CabName=WATCHDOG-20260606-0015.dmp
File[0].Path=WATCHDOG-20260606-0015.dmp
File[0].Flags=327682
File[0].Type=2
File[0].Original.Path=\\?\C:\WINDOWS\LiveKernelReports\WATCHDOG\WATCHDOG-20260606-0015.dmp
File[1].CabName=sysdata.xml
File[1].Path=WER-27147953-0.sysdata.xml
File[1].Flags=327682
File[1].Type=5
File[1].Original.Path=\\?\C:\WINDOWS\SystemTemp\WER-27147953-0.sysdata.xml
File[2].CabName=WERInternalMetadata.xml
File[2].Path=WER.24eb03a5-b79c-4f65-81ed-a696f1cc7624.tmp.WERInternalMetadata.xml
File[2].Flags=327682
File[2].Type=5
File[2].Original.Path=\\?\C:\ProgramData\Microsoft\Windows\WER\Temp\WER.24eb03a5-b79c-4f65-81ed-a696f1cc7624.tmp.WERInternalMetadata.xml
File[3].CabName=memory.csv
File[3].Path=WER.a81dcb69-c806-4d4b-a9e4-6a7d9f033cca.tmp.csv
File[3].Flags=65538
File[3].Type=5
File[3].Original.Path=\\?\C:\ProgramData\Microsoft\Windows\WER\Temp\WER.a81dcb69-c806-4d4b-a9e4-6a7d9f033cca.tmp.csv
File[4].CabName=sysinfo.txt
File[4].Path=WER.b529ece4-ca60-4a65-bafd-cfe9a83acdc7.tmp.txt
File[4].Flags=65538
File[4].Type=5
File[4].Original.Path=\\?\C:\ProgramData\Microsoft\Windows\WER\Temp\WER.b529ece4-ca60-4a65-bafd-cfe9a83acdc7.tmp.txt
File[5].CabName=WERInternalRequest.xml
File[5].Path=WER.ca317c7a-8520-41e0-b484-076053efb4f2.tmp.xml
File[5].Flags=327682
File[5].Type=5
File[5].Original.Path=\\?\C:\ProgramData\Microsoft\Windows\WER\Temp\WER.ca317c7a-8520-41e0-b484-076053efb4f2.tmp.xml
Ns[0].Name=stopcode
Ns[0].Value=00000141
Ns[1].Name=p1
Ns[1].Value=FFFFA18AE10C8460
Ns[2].Name=p2
Ns[2].Value=FFFFF806391578B0
Ns[3].Name=p3
Ns[3].Value=0000000000000000
Ns[4].Name=p4
Ns[4].Value=FFFFA18AEFADB080
FriendlyEventName=硬件错误
ConsentKey=LiveKernelEvent
AppName=Windows
AppPath=C:\Windows\System32\WerFault.exe
ReportDescription=硬件问题导致 Windows 已停止正常工作。
NsPartner=windows
NsGroup=windows8
ApplicationIdentity=00000000000000000000000000000000
MetadataHash=-1224890145
Version=1
EventType=LiveKernelEvent
EventTime=134251499049550490
ReportType=4
Consent=1
ReportStatus=2051
ReportIdentifier=1f8d2f51-72f5-45dd-9699-279eae7588df
Wow64Host=34404
NsAppName=LiveKernelEvent
OriginalFilename=WerFault.exe
AppSessionGuid=00000000-0000-0000-0000-000000000000
BootId=6
IsFatal=4294967295
EtwNonCollectReason=1
Response.type=4
Sig[0].Name=代码
Sig[0].Value=141
Sig[1].Name=参数 1
Sig[1].Value=ffffa18aba4d8460
Sig[2].Name=参数 2
Sig[2].Value=fffff806391578b0
Sig[3].Name=参数 3
Sig[3].Value=0
Sig[4].Name=参数 4
Sig[4].Value=ffffa18aefadb080
Sig[5].Name=操作系统版本
Sig[5].Value=10_0_26200
Sig[6].Name=Service Pack
Sig[6].Value=0_0
Sig[7].Name=产品
Sig[7].Value=256_1
DynamicSig[1].Name=OS 版本
DynamicSig[1].Value=10.0.26200.2.0.0.256.48
DynamicSig[2].Name=区域设置 ID
DynamicSig[2].Value=2052
OsInfo[0].Key=vermaj
OsInfo[0].Value=10
OsInfo[1].Key=vermin
OsInfo[1].Value=0
OsInfo[2].Key=verbld
OsInfo[2].Value=26200
OsInfo[3].Key=ubr
OsInfo[3].Value=8037
OsInfo[4].Key=versp
OsInfo[4].Value=0
OsInfo[5].Key=arch
OsInfo[5].Value=9
OsInfo[6].Key=lcid
OsInfo[6].Value=2052
OsInfo[7].Key=geoid
OsInfo[7].Value=45
OsInfo[8].Key=sku
OsInfo[8].Value=48
OsInfo[9].Key=domain
OsInfo[9].Value=0
OsInfo[10].Key=prodsuite
OsInfo[10].Value=256
OsInfo[11].Key=ntprodtype
OsInfo[11].Value=1
OsInfo[12].Key=platid
OsInfo[12].Value=10
OsInfo[13].Key=sr
OsInfo[13].Value=0
OsInfo[14].Key=tmsi
OsInfo[14].Value=650
OsInfo[15].Key=osinsty
OsInfo[15].Value=1
OsInfo[16].Key=iever
OsInfo[16].Value=11.1882.26100.0-11.0.1000
OsInfo[17].Key=portos
OsInfo[17].Value=0
OsInfo[18].Key=ram
OsInfo[18].Value=32487
OsInfo[19].Key=svolsz
OsInfo[19].Value=340
OsInfo[20].Key=wimbt
OsInfo[20].Value=0
OsInfo[21].Key=blddt
OsInfo[21].Value=240331
OsInfo[22].Key=bldtm
OsInfo[22].Value=1435
OsInfo[23].Key=bldbrch
OsInfo[23].Value=ge_release
OsInfo[24].Key=bldchk
OsInfo[24].Value=0
OsInfo[25].Key=wpvermaj
OsInfo[25].Value=0
OsInfo[26].Key=wpvermin
OsInfo[26].Value=0
OsInfo[27].Key=wpbuildmaj
OsInfo[27].Value=0
OsInfo[28].Key=wpbuildmin
OsInfo[28].Value=0
OsInfo[29].Key=osver
OsInfo[29].Value=10.0.26100.8037.amd64fre.ge_release.240331-1435
OsInfo[30].Key=buildflightid
OsInfo[31].Key=edition
OsInfo[31].Value=Professional
OsInfo[32].Key=ring
OsInfo[32].Value=Retail
OsInfo[33].Key=flightbranch
OsInfo[34].Key=expid
OsInfo[34].Value=RS:36476,FX:124117A5,FX:1304E767,FX:13083122,FX:130DD09D,FX:1312D799,FX:1318CA30,FX:1318CAEE,FX:1318CAEF,FX:1318CBED,FX:1318CBF1,FX:132EB35F,FX:134130B4,FX:1341E6FC,FX:13430B2D,FX:13438657,FX:1346A1BE,FX:1348784F,FX:13487A03,FX:134D23F5,FX:134D2447,FX:134E98E0,FX:134FDBFA,FX:1352C485,FX:1355BA21,FX:1356B163,FX:13570B2F,FX:13570B36,FX:13570B3C,FX:13570B41,FX:1358A347,FX:13596950,FX:1359A0CA,FX:1359A504,FX:1359FB39,FX:135A2764,FX:135A3B50,FX:135A750D,FX:135B668B,FX:135C5A0B,FX:135E3503,FX:135E3E8F,FX:135E73EC,FX:135E75D7,FX:135E761C,FX:13603FE9,FX:13604C80,FX:1361229F,FX:13612C48,FX:1361A278,FX:1361B13C,FX:136204AC,FX:13623ED6,FX:13628CB7,FX:1363677E,FX:1363A699,FX:1363E0C6,FX:1363EE77,FX:13642779,FX:1364277A,FX:13643205,FX:1364443F,FX:1364751C,FX:1364752C,FX:136494E9,FX:1364DC9B,FX:1365D6E0,FX:1365D6E1,FX:13660805,FX:13670C38,FX:13674EE5,FX:13679F6D,FX:136813A1,FX:136854A2,FX:13685CA8,FX:1368E1B0,FX:1368E8B2,FX:1368E8DF,FX:1369B6A2,FX:136A05DE,FX:136A3F34,FX:136A6BA3,FX:136A6BB5,FX:136B5FC6,FX:136BA4A5,FX:136C6855,FX:136D8710,FX:136DC0D0,FX:136DC8FC,FX:136F7C48,FX:136F859A,FX:13708CA4,FX:137095B6,FX:13720237,FX:137297A9,FX:1372C7C8,FX:13736B1C,FX:137599CB,FX:13759AC2,FX:13767A9A,FX:1376AA2C,FX:1376AA52,FX:1376F908,FX:1376FCC1,FX:1376FD07,FX:1376FD18,FX:1376FD3A,FX:1376FD58,FX:13770BB8,FX:13770BBA,FX:137732A7,FX:1377D688,FX:137823AC,FX:13796219,FX:13799BA7,FX:1379ED9B,FX:137A87A0,FX:137A890D,FX:137A9121,FX:137ABC6A,FX:137ABC75,FX:137ABC76,FX:137ABC77,FX:137BD40A,FX:137C031C,FX:137C3A5E,FX:137C3D3B,FX:137C3D6F,FX:137D66CD,FX:137DAA81,FX:137DAB3C,FX:137DAFE8,FX:137DF49D,FX:137EE0F9,FX:137F4285,FX:137FB3D2,FX:137FB3D3,FX:1380ACD2,FX:1380CFBA,FX:1380DB51,FX:138194AB,FX:13819557,FX:138386B1,FX:1383897C,FX:1383F373,FX:138405B3,FX:13842752,FX:1384434E,FX:13846583,FX:1384BCA5,FX:138580B2,FX:1386068F,FX:13860755,FX:1386304D,FX:13863393,FX:1386B9DE,FX:1386C023,FX:138788F9,FX:1387B252,FX:138833FE,FX:1388343A,FX:13883485,FX:1388AC6F,FX:1388E7F3,FX:1388E985,FX:1388E986,FX:1388E987,FX:1388E988,FX:1388E989,FX:1388E98A,FX:1388E990,FX:1388E992,FX:1389169E,FX:1389B1A6,FX:1389BA94,FX:138AC279,FX:138AC8D4,FX:138AC8D5,FX:138AFBD8,FX:138B6F31,FX:138B6F32,FX:138B6F33,FX:138B7110,FX:138B79A5,FX:138E88FA,FX:138E93ED,FX:138F1AB9,FX:138F1B88,FX:138F2889,FX:138FEE15,FX:138FF15A,FX:13903C8A,FX:13906DEF,FX:13907F3D,FX:1390908A,FX:13918080,FX:1391AEE0,FX:1391B8B9,FX:139223A0,FX:13922783,FX:13922784,FX:1392BA7D,FX:1392C19F,FX:1392EBD7,FX:1392ECF8,FX:1392ED9D,FX:1392F879,FX:1393480A,FX:13936BEB,FX:13943934,FX:13946BE5,FX:139470A6,FX:1394AFEC,FX:1394ED51,FX:1394ED52,FX:139625D1,FX:139647DD,FX:13966E9C,FX:1396766D,FX:1397466B,FX:13975A1D,FX:13975BB7,FX:13978B27,FX:13978E32,FX:1397C828,FX:13980A4C,FX:13980AE3,FX:13981339,FX:1398AD6C,FX:13999239,FX:1399AD0A,FX:1399AD0E,FX:1399D8CD,FX:139A40D0,FX:139A4E0D,FX:139AE828,FX:139B5062,FX:139B604C,FX:139B629C,FX:139B65B3,FX:139B8BDE,FX:139C53A2,FX:139EB4E1,FX:139EDD9E,FX:139EDE72,FX:139EEE85,FX:139EF04B,FX:139F7176,FX:13A03C5B,FX:13A1540A,FX:13A1583A,FX:13A18BFF,FX:13A2815C,FX:13A28615,FX:13A28A65,FX:13A28A66,FX:13A2F4F5,FX:13A33F92,FX:13A38E99,FX:13A39F74,FX:13A3A12B,FX:13A3C159,FX:13A46358,FX:13A473FB,FX:13A55CA6,FX:13A5B391,FX:13A5D97D,FX:13A5E5C0,FX:13A5F4BB,FX:13A6F30E,FX:13A6F6A9,FX:13A79243,FX:13A79D0E,FX:13A79DA8,FX:13A79DD0,FX:13A8454D,FX:13A8730D,FX:13A8C9F2,FX:13AA3BD2,FX:13AA4CFE,FX:13AA4F1F,FX:13AB429C,FX:13ACDA82,FX:13AD2543,FX:13AE181D,FX:13AE4217,FX:13AE5428,FX:13AEB500,FX:13AF7112,FX:13AF7113,FX:13AF7114,FX:13AF7115,FX:13AF7116,FX:13AF7117,FX:13AF7118,FX:13AF7119,FX:13AF711A,FX:13AF711B,FX:13AF711C,FX:13AF711D,FX:13AF711E,FX:13AF711F,FX:13AF7120,FX:13AF7121,FX:13AF7122,FX:13AF7124,FX:13AF7125,FX:13AF7126,FX:13AF7127,FX:13AF9338,FX:13AF9339,FX:13AFA38B,FX:13B01927,FX:13B0FB8E,FX:13B0FB90,FX:13B13CB2,FX:13B142DE,FX:13B4DF6A,FX:13B5D5D9,FX:13B60AF5,FX:13B6285D,FX:13B64A90,FX:13B658B7,FX:13B6DFAF,FX:13B75D84,FX:13B7EC69,FX:13B7EC6A,FX:13B81424,FX:13B8B894,FX:13B94025,FX:13B94028,FX:13B9B36E,FX:13BA4CFB,FX:13BAE886,FX:13BAE8BF,FX:13BAEA95,FX:233D40B9,FX:394DFC2,FX:3985DED,FX:3A0FB38,FX:3A4714B,FX:3BA8DC9,MD:283BAEF,ME:3667CAD,ME:38419AC,ME:38419CA,ME:3536BD9,MD:2FE0A31,MD:2FE0A40,MD:2FE0A4F,MD:37B239D,PD:3536CF8,PD:33CDA4D,MD:36AF640,MD:9999,CD:2602D
OsInfo[35].Key=fconid
OsInfo[35].Value=42187503,0,1,0;48468541,0,2,0;48468527,0,2,0;48433541,0,2,0;48433706,0,2,0;50556886,0,2,0;50557073,0,2,0;50564196,0,2,0;50564332,0,2,0;50565209,0,2,0;54237951,0,2,0;54237969,0,2,0;54237977,0,2,0;54237988,0,2,0;54237993,0,2,0;54238000,0,2,0;57048216,0,2,0;57048218,0,2,0;57048226,0,2,0;57048231,0,2,0;57048237,0,2,1;58988972,0,2,1;58989002,0,2,1;58989021,0,1,0;58989070,0,1,0;58989092,0,1,0;58989177,0,1,0;48433719,0,1,0;55798745,0,2,0;50203185,0,1,0;50203200,0,1,0;50203215,0,1,0;58401693,0,2,0;19194309,0,2,0;27623730,0,2,1;29532725,0,2,1;31081324,0,1,0;33393253,0,1,0;35681102,0,1,0;38123866,0,1,0;38762814,0,2,1;38869220,0,1,0;39541095,0,1,0;39543558,0,1,0;41073112,0,2,0;43200402,0,1,1;43572908,0,1,0;43729363,0,2,1;44030954,0,1,0;44574505,0,2,0;44574507,0,2,1;44929832,0,1,0;45172197,0,1,0;45286394,0,1,0;45425284,0,2,1;45624564,0,0,1;45624632,0,1,0;45738940,0,1,0;46752087,0,1,0;46852388,0,1,0;47053849,0,2,0;47081492,0,2,0;47205210,0,2,1;47375114,0,1,0;47557358,0,2,1;47961746,0,2,0;48052777,0,1,0;48525682,0,1,0;48559195,0,2,0;48662857,0,2,1;48742963,0,2,0;48799383,0,2,0;48822452,0,1,0;48895077,0,1,0;49068236,0,1,0;49204591,0,1,0;49239926,0,1,0;49290270,0,1,1;49309588,0,1,0;49407484,0,1,0;49494367,0,1,0;49577493,0,1,0;49598981,0,2,0;49615603,0,1,0;49642928,0,1,0;50465617,0,2,0;50692135,0,1,0;50762615,0,1,0;50783360,0,1,0;50879031,0,1,0;51153219,0,1,0;51402841,0,1,0;51534709,0,1,0;51566757,0,1,0;51593804,0,1,0;51721485,0,1,0;51804928,0,1,0;51809855,0,1,0;51850502,2,2,0;51880512,0,1,0;52058799,0,2,0;52086568,0,1,1;52536226,0,1,0;52799658,0,2,1;52800232,0,1,1;52963925,0,2,0;52973182,0,1,0;53039167,0,1,0;53058215,0,1,0;53079680,0,2,0;53081723,0,1,0;53086435,0,1,0;53179304,0,1,0;53192840,0,1,0;53250194,0,2,0;53283713,0,1,0;53284194,0,1,0;53308487,0,1,0;53421989,0,1,0;53536518,0,1,0;53713825,0,1,0;53814860,0,1,0;53814925,0,1,0;53858120,0,1,0;53967125,0,1,0;54157537,0,1,0;54237799,0,1,1;54248858,0,2,0;54267669,0,1,1;54267862,0,1,0;54287368,0,2,0;54315747,0,2,0;54418111,0,1,0;54464903,0,1,0;54478266,0,2,0;54524077,0,2,0;54586575,0,1,0;54627442,0,1,0;54630686,0,2,0;54634447,0,1,0;54682491,0,2,1;54756137,0,1,0;54794917,0,1,1;54865932,0,2,1;54881606,0,1,0;54900690,0,1,0;54917906,0,1,0;55011675,0,1,0;55045381,0,1,1;55053776,0,1,0;55090619,0,0,0;55182690,0,1,0;55346794,0,1,0;55357339,0,2,0;55385540,0,1,0;55445215,0,1,0;55522082,0,1,0;55537300,0,1,0;55561310,0,1,0;55643678,0,2,0;55797161,0,1,0;55818758,0,1,0;55821866,0,2,1;55823572,0,1,0;55917738,0,0,0;55929979,0,1,0;55937916,0,2,1;56005157,0,1,0;56007062,0,1,0;56018875,0,1,0;56051176,0,1,0;56083069,8,2,0;56090771,0,1,0;56094336,0,2,0;56106891,0,1,0;56115452,0,2,0;56135360,0,1,1;56160586,0,1,0;56174134,0,2,0;56192390,0,1,0;56201473,0,1,0;56220122,0,1,0;56232737,0,2,1;56258650,0,1,0;56259285,0,2,0;56259675,0,2,0;56298129,0,1,0;56305928,0,1,0;56326510,0,1,0;56328729,0,2,1;56349993,0,1,0;56392605,0,2,0;56392607,0,2,0;56414822,0,1,0;56444892,0,2,0;56500437,0,1,0;56502042,0,2,0;56539790,0,1,0;56541436,0,1,1;56550817,0,2,0;56625134,0,1,0;56641116,0,1,1;56659309,0,1,0;56732283,0,2,0;56769308,0,1,0;56775829,0,2,0;56777229,0,1,0;56789602,0,2,0;56791125,0,2,0;56794222,0,1,0;56848060,0,1,0;56848077,0,1,0;56854165,0,1,0;56856220,0,2,0;56856345,0,2,0;56864294,0,1,0;56877808,0,2,0;56888100,0,2,1;56904074,0,2,0;56919513,0,2,1;56943287,0,1,0;56948487,0,1,0;56955488,0,1,1;56963102,0,1,0;56976978,0,2,1;56976985,0,2,1;56977894,0,2,0;57005088,0,1,0;57053679,0,1,0;57074914,0,1,0;57102626,0,1,0;57155075,0,1,0;57159141,0,1,0;57246082,0,1,0;57246157,0,1,0;57297225,0,1,0;57302880,0,2,1;57341504,0,1,0;57391481,0,2,0;57467274,0,2,0;57469498,0,1,0;57470233,0,1,0;57500144,0,2,1;57605810,0,1,0;57606309,0,2,0;57606323,0,2,0;57610322,0,1,0;57629517,0,2,0;57640366,0,2,0;57653821,0,2,0;57696949,0,1,0;57785863,0,1,0;57805025,0,1,0;57840822,0,2,1;57929024,0,2,0;57940002,0,2,1;57941090,0,2,1;57977158,0,2,1;57977420,0,2,1;57984728,0,1,0;58022816,0,1,0;58064553,0,1,0;58065294,0,2,0;58069806,0,2,0;58072998,0,2,1;58086510,0,2,1;58087685,0,1,0;58092117,0,1,0;58122380,0,2,0;58270538,0,2,0;58273509,0,2,0;58274572,0,1,0;58286439,0,1,0;58349635,0,1,0;58382298,0,1,1;58418437,0,2,0;58421907,0,1,0;58423728,0,1,0;58432370,0,1,0;58445826,0,1,0;58447903,0,1,0;58477524,0,1,0;58527608,0,2,0;58536988,0,1,1;58550079,0,1,0;58570746,0,1,1;58587328,0,2,0;58614661,0,2,1;58627593,0,2,0;58638708,0,1,0;58649900,0,1,0;58672218,0,2,1;58698248,0,2,0;58737939,0,2,0;58761460,0,1,0;58767912,0,2,1;58936720,0,1,0;58987793,0,2,0;58987797,0,2,0;59015030,0,1,0;59045330,0,1,0;59065581,0,2,1;59080434,0,2,0;59107775,0,1,0;59112334,0,1,0;59112626,0,1,0;59125486,0,2,1;59128251,0,2,0;59162572,0,1,0;59184780,0,2,1;59184888,0,2,1;59193758,0,2,0;59193772,0,2,0;59202163,0,1,0;59272411,0,2,1;59275076,0,1,0;59288675,0,2,0;59294866,0,1,0;59306570,0,1,0;59361280,0,1,0;59368895,0,2,0;59485045,0,2,1;59683690,0,2,0;59686793,0,1,0;59706734,0,1,0;59718680,0,0,0;59719727,0,0,0;59766075,0,2,1;59782180,0,2,0;59802254,0,2,0;59804409,0,2,1;59805195,0,2,1;59867315,0,1,1;59869059,0,1,0;59872186,0,1,0;59893834,0,1,0;59983138,0,1,0;59994706,0,1,0;60010171,0,2,1;60146531,0,2,0;60151858,0,2,0;60192063,0,1,0;60243440,0,1,0;60245057,0,1,0;60247407,0,1,0;60279858,0,1,0;60312401,0,1,0;60314197,0,1,0;60352363,0,1,0;60415611,0,1,0;60417160,0,2,0;60428706,0,1,0;60566563,0,1,0;60582403,0,1,0;60671347,0,1,0;60730239,0,1,0;60770424,0,1,0;60836500,0,2,0;60842813,0,2,1;60871302,0,2,0;60888299,0,2,0;60937815,0,1,0;61119511,0,2,0;61173586,0,2,0;61273983,0,1,0;61289132,0,1,0;61372722,0,1,0;61481157,0,1,0;61504011,0,1,0;62061341,0,1,0
OsInfo[36].Key=containerid
OsInfo[37].Key=containertype
OsInfo[38].Key=edu
OsInfo[38].Value=0
OsInfo[39].Key=servicinginprogress
OsInfo[39].Value=1
OsInfo[40].Key=featureupdatependingreboot
OsInfo[40].Value=0
OsInfo[41].Key=recoveryenvironment
OsInfo[41].Value=0
File[0].CabName=WATCHDOG-20260606-0018.dmp
File[0].Path=WATCHDOG-20260606-0018.dmp
File[0].Flags=327682
File[0].Type=2
File[0].Original.Path=\\?\C:\WINDOWS\LiveKernelReports\WATCHDOG\WATCHDOG-20260606-0018.dmp
File[1].CabName=sysdata.xml
File[1].Path=WER-27334546-0.sysdata.xml
File[1].Flags=327682
File[1].Type=5
File[1].Original.Path=\\?\C:\WINDOWS\SystemTemp\WER-27334546-0.sysdata.xml
File[2].CabName=WERInternalMetadata.xml
File[2].Path=WER.ad4c1144-92fb-42ac-b7e9-4fc32427866b.tmp.WERInternalMetadata.xml
File[2].Flags=327682
File[2].Type=5
File[2].Original.Path=\\?\C:\ProgramData\Microsoft\Windows\WER\Temp\WER.ad4c1144-92fb-42ac-b7e9-4fc32427866b.tmp.WERInternalMetadata.xml
File[3].CabName=memory.csv
File[3].Path=WER.064ab87c-5de6-4c26-96ee-7c667e7a45de.tmp.csv
File[3].Flags=65538
File[3].Type=5
File[3].Original.Path=\\?\C:\ProgramData\Microsoft\Windows\WER\Temp\WER.064ab87c-5de6-4c26-96ee-7c667e7a45de.tmp.csv
File[4].CabName=sysinfo.txt
File[4].Path=WER.c8a64ea6-1340-406c-81a8-6dc18173d91a.tmp.txt
File[4].Flags=65538
File[4].Type=5
File[4].Original.Path=\\?\C:\ProgramData\Microsoft\Windows\WER\Temp\WER.c8a64ea6-1340-406c-81a8-6dc18173d91a.tmp.txt
File[5].CabName=WERInternalRequest.xml
File[5].Path=WER.bca7eacc-f393-4e9d-97dd-5c17ae089e44.tmp.xml
File[5].Flags=327682
File[5].Type=5
File[5].Original.Path=\\?\C:\ProgramData\Microsoft\Windows\WER\Temp\WER.bca7eacc-f393-4e9d-97dd-5c17ae089e44.tmp.xml
Ns[0].Name=stopcode
Ns[0].Value=00000141
Ns[1].Name=p1
Ns[1].Value=FFFFA18ABA4D8460
Ns[2].Name=p2
Ns[2].Value=FFFFF806391578B0
Ns[3].Name=p3
Ns[3].Value=0000000000000000
Ns[4].Name=p4
Ns[4].Value=FFFFA18AEFADB080
FriendlyEventName=硬件错误
ConsentKey=LiveKernelEvent
AppName=Windows
AppPath=C:\Windows\System32\WerFault.exe
ReportDescription=硬件问题导致 Windows 已停止正常工作。
NsPartner=windows
NsGroup=windows8
ApplicationIdentity=00000000000000000000000000000000
MetadataHash=-1424771267
